--- Initial condition ---
 1.15641e-06
 1.9066e-06
 3.11218e-06
 5.02951e-06
 8.04718e-06
 1.27473e-05
 1.99918e-05
 3.10414e-05
 4.77186e-05
 7.26259e-05
 0.000109434
 0.000163256
 0.000241127
 0.000352596
 0.000510465
 0.000731664
 0.00103828
 0.00145873
 0.00202905
 0.00279426
 0.00380976
 0.00514264
 0.00687277
 0.00909356
 0.0119122
 0.0154493
 0.0198374
 0.0252182
 0.0317397
 0.03955
 0.048792
 0.0595947
 0.0720649
 0.0862773
 0.102265
 0.120009
 0.139431
 0.160383
 0.182649
 0.205936
 0.229882
 0.254059
 0.277985
 0.301137
 0.322972
 0.342944
 0.360527
 0.37524
 0.386668
 0.394479
 0.398444
 0.398444
 0.394479
 0.386668
 0.37524
 0.360527
 0.342944
 0.322972
 0.301137
 0.277985
 0.254059
 0.229882
 0.205936
 0.182649
 0.160383
 0.139431
 0.120009
 0.102265
 0.0862773
 0.0720649
 0.0595947
 0.048792
 0.03955
 0.0317397
 0.0252182
 0.0198374
 0.0154493
 0.0119122
 0.00909356
 0.00687277
 0.00514264
 0.00380976
 0.00279426
 0.00202905
 0.00145873
 0.00103828
 0.000731664
 0.000510465
 0.000352596
 0.000241127
 0.000163256
 0.000109434
 7.26259e-05
 4.77186e-05
 3.10414e-05
 1.99918e-05
 1.27473e-05
 8.04718e-06
 5.02951e-06
 3.11218e-06
 1.9066e-06
--- exact solution ---
--- Solve problem ---
--- upwind ---
--- time: 0 ---
5.78206e-07
1.2424e-06
2.17729e-06
3.6034e-06
5.82529e-06
9.28631e-06
1.46391e-05
2.28402e-05
3.52794e-05
5.39527e-05
8.16934e-05
0.000122475
0.000181801
0.000267198
0.000388832
0.000560248
0.000799265
0.001129
0.00157902
0.00218664
0.0029982
0.00514264
0.00687277
0.00909356
0.0119122
0.0154493
0.0198374
0.0252182
0.0317397
0.03955
0.048792
0.0595947
0.0720649
0.0862773
0.102265
0.120009
0.139431
0.160383
0.182649
0.205936
0.229882
0.254059
0.277985
0.301137
0.322972
0.342944
0.360527
0.37524
0.386668
0.394479
0.398444
0.398444
0.394479
0.386668
0.37524
0.360527
0.342944
0.322972
0.301137
0.277985
0.254059
0.229882
0.205936
0.182649
0.160383
0.139431
0.120009
0.102265
0.0862773
0.0720649
0.0595947
0.048792
0.03955
0.0317397
0.0252182
0.0198374
0.0154493
0.0119122
0.00909356
0.00687277
0.00514264
0.00380976
0.00279426
0.00202905
0.00145873
0.00103828
0.000731664
0.000510465
0.000352596
0.000241127
0.000163256
0.000109434
7.26259e-05
4.77186e-05
3.10414e-05
1.99918e-05
1.27473e-05
8.04718e-06
5.02951e-06
3.11218e-06
1.9066e-06
--- time: 0.1 ---
2.89103e-07
7.65753e-07
1.47152e-06
2.53746e-06
4.18138e-06
6.73384e-06
1.06864e-05
1.67633e-05
2.60214e-05
3.9987e-05
6.08402e-05
9.16575e-05
0.000136729
0.000201964
0.000295398
0.000427823
0.000613544
0.000871271
0.00122515
0.00170589
0.00235205
0.00514264
0.00687277
0.00909356
0.0119122
0.0154493
0.0198374
0.0252182
0.0317397
0.03955
0.048792
0.0595947
0.0720649
0.0862773
0.102265
0.120009
0.139431
0.160383
0.182649
0.205936
0.229882
0.254059
0.277985
0.301137
0.322972
0.342944
0.360527
0.37524
0.386668
0.394479
0.398444
0.398444
0.394479
0.386668
0.37524
0.360527
0.342944
0.322972
0.301137
0.277985
0.254059
0.229882
0.205936
0.182649
0.160383
0.139431
0.120009
0.102265
0.0862773
0.0720649
0.0595947
0.048792
0.03955
0.0317397
0.0252182
0.0198374
0.0154493
0.0119122
0.00909356
0.00687277
0.00514264
0.00380976
0.00279426
0.00202905
0.00145873
0.00103828
0.000731664
0.000510465
0.000352596
0.000241127
0.000163256
0.000109434
7.26259e-05
4.77186e-05
3.10414e-05
1.99918e-05
1.27473e-05
8.04718e-06
5.02951e-06
3.11218e-06
1.9066e-06
--- time: 0.2 ---
1.44551e-07
4.55152e-07
9.63337e-07
1.7504e-06
2.96589e-06
4.84987e-06
7.76816e-06
1.22657e-05
1.91436e-05
2.95653e-05
4.52027e-05
6.84301e-05
0.00010258
0.000152272
0.000223835
0.000325829
0.000469686
0.000670478
0.000947813
0.00132685
0.00183945
0.00514264
0.00687277
0.00909356
0.0119122
0.0154493
0.0198374
0.0252182
0.0317397
0.03955
0.048792
0.0595947
0.0720649
0.0862773
0.102265
0.120009
0.139431
0.160383
0.182649
0.205936
0.229882
0.254059
0.277985
0.301137
0.322972
0.342944
0.360527
0.37524
0.386668
0.394479
0.398444
0.398444
0.394479
0.386668
0.37524
0.360527
0.342944
0.322972
0.301137
0.277985
0.254059
0.229882
0.205936
0.182649
0.160383
0.139431
0.120009
0.102265
0.0862773
0.0720649
0.0595947
0.048792
0.03955
0.0317397
0.0252182
0.0198374
0.0154493
0.0119122
0.00909356
0.00687277
0.00514264
0.00380976
0.00279426
0.00202905
0.00145873
0.00103828
0.000731664
0.000510465
0.000352596
0.000241127
0.000163256
0.000109434
7.26259e-05
4.77186e-05
3.10414e-05
1.99918e-05
1.27473e-05
8.04718e-06
5.02951e-06
3.11218e-06
1.9066e-06
--- time: 0.3 ---
7.22757e-08
2.63714e-07
6.13525e-07
1.18196e-06
2.07392e-06
3.46189e-06
5.61503e-06
8.94039e-06
1.4042e-05
2.18036e-05
3.35032e-05
5.09667e-05
7.67732e-05
0.000114522
0.000169179
0.000247504
0.000358595
0.000514537
0.000731175
0.00102901
0.00143423
0.00514264
0.00687277
0.00909356
0.0119122
0.0154493
0.0198374
0.0252182
0.0317397
0.03955
0.048792
0.0595947
0.0720649
0.0862773
0.102265
0.120009
0.139431
0.160383
0.182649
0.205936
0.229882
0.254059
0.277985
0.301137
0.322972
0.342944
0.360527
0.37524
0.386668
0.394479
0.398444
0.398444
0.394479
0.386668
0.37524
0.360527
0.342944
0.322972
0.301137
0.277985
0.254059
0.229882
0.205936
0.182649
0.160383
0.139431
0.120009
0.102265
0.0862773
0.0720649
0.0595947
0.048792
0.03955
0.0317397
0.0252182
0.0198374
0.0154493
0.0119122
0.00909356
0.00687277
0.00514264
0.00380976
0.00279426
0.00202905
0.00145873
0.00103828
0.000731664
0.000510465
0.000352596
0.000241127
0.000163256
0.000109434
7.26259e-05
4.77186e-05
3.10414e-05
1.99918e-05
1.27473e-05
8.04718e-06
5.02951e-06
3.11218e-06
1.9066e-06
--- time: 0.4 ---
3.61379e-08
1.49926e-07
3.81726e-07
7.81844e-07
1.42788e-06
2.44489e-06
4.02996e-06
6.48517e-06
1.02636e-05
1.60336e-05
2.47684e-05
3.78675e-05
5.73203e-05
8.59214e-05
0.00012755
0.000187527
0.000273061
0.000393799
0.000562487
0.00079575
0.00111499
0.00514264
0.00687277
0.00909356
0.0119122
0.0154493
0.0198374
0.0252182
0.0317397
0.03955
0.048792
0.0595947
0.0720649
0.0862773
0.102265
0.120009
0.139431
0.160383
0.182649
0.205936
0.229882
0.254059
0.277985
0.301137
0.322972
0.342944
0.360527
0.37524
0.386668
0.394479
0.398444
0.398444
0.394479
0.386668
0.37524
0.360527
0.342944
0.322972
0.301137
0.277985
0.254059
0.229882
0.205936
0.182649
0.160383
0.139431
0.120009
0.102265
0.0862773
0.0720649
0.0595947
0.048792
0.03955
0.0317397
0.0252182
0.0198374
0.0154493
0.0119122
0.00909356
0.00687277
0.00514264
0.00380976
0.00279426
0.00202905
0.00145873
0.00103828
0.000731664
0.000510465
0.000352596
0.000241127
0.000163256
0.000109434
7.26259e-05
4.77186e-05
3.10414e-05
1.99918e-05
1.27473e-05
8.04718e-06
5.02951e-06
3.11218e-06
1.9066e-06
--- time: 0.5 ---
1.80689e-08
8.39974e-08
2.32862e-07
5.07353e-07
9.67618e-07
1.70625e-06
2.86811e-06
4.67664e-06
7.47011e-06
1.17519e-05
1.82601e-05
2.80638e-05
4.26921e-05
6.43067e-05
9.59283e-05
0.000141728
0.000207394
0.000300597
0.000431542
0.000613646
0.000864319
0.00514264
0.00687277
0.00909356
0.0119122
0.0154493
0.0198374
0.0252182
0.0317397
0.03955
0.048792
0.0595947
0.0720649
0.0862773
0.102265
0.120009
0.139431
0.160383
0.182649
0.205936
0.229882
0.254059
0.277985
0.301137
0.322972
0.342944
0.360527
0.37524
0.386668
0.394479
0.398444
0.398444
0.394479
0.386668
0.37524
0.360527
0.342944
0.322972
0.301137
0.277985
0.254059
0.229882
0.205936
0.182649
0.160383
0.139431
0.120009
0.102265
0.0862773
0.0720649
0.0595947
0.048792
0.03955
0.0317397
0.0252182
0.0198374
0.0154493
0.0119122
0.00909356
0.00687277
0.00514264
0.00380976
0.00279426
0.00202905
0.00145873
0.00103828
0.000731664
0.000510465
0.000352596
0.000241127
0.000163256
0.000109434
7.26259e-05
4.77186e-05
3.10414e-05
1.99918e-05
1.27473e-05
8.04718e-06
5.02951e-06
3.11218e-06
1.9066e-06
--- time: 0.6 ---
9.03447e-09
4.6516e-08
1.39689e-07
3.23521e-07
6.4557e-07
1.17591e-06
2.02201e-06
3.34932e-06
5.40972e-06
8.58079e-06
1.34205e-05
2.07421e-05
3.17171e-05
4.80119e-05
7.19701e-05
0.000106849
0.000157122
0.000228859
0.0003302
0.000471923
0.000668121
0.00514264
0.00687277
0.00909356
0.0119122
0.0154493
0.0198374
0.0252182
0.0317397
0.03955
0.048792
0.0595947
0.0720649
0.0862773
0.102265
0.120009
0.139431
0.160383
0.182649
0.205936
0.229882
0.254059
0.277985
0.301137
0.322972
0.342944
0.360527
0.37524
0.386668
0.394479
0.398444
0.398444
0.394479
0.386668
0.37524
0.360527
0.342944
0.322972
0.301137
0.277985
0.254059
0.229882
0.205936
0.182649
0.160383
0.139431
0.120009
0.102265
0.0862773
0.0720649
0.0595947
0.048792
0.03955
0.0317397
0.0252182
0.0198374
0.0154493
0.0119122
0.00909356
0.00687277
0.00514264
0.00380976
0.00279426
0.00202905
0.00145873
0.00103828
0.000731664
0.000510465
0.000352596
0.000241127
0.000163256
0.000109434
7.26259e-05
4.77186e-05
3.10414e-05
1.99918e-05
1.27473e-05
8.04718e-06
5.02951e-06
3.11218e-06
1.9066e-06
--- time: 0.7 ---
4.51723e-09
2.55166e-08
8.26027e-08
2.03062e-07
4.24316e-07
8.00114e-07
1.41106e-06
2.38019e-06
3.89495e-06
6.23787e-06
9.82916e-06
1.52857e-05
2.35014e-05
3.57567e-05
5.38634e-05
8.03561e-05
0.000118739
0.000173799
0.000252
0.000361961
0.000515041
0.00514264
0.00687277
0.00909356
0.0119122
0.0154493
0.0198374
0.0252182
0.0317397
0.03955
0.048792
0.0595947
0.0720649
0.0862773
0.102265
0.120009
0.139431
0.160383
0.182649
0.205936
0.229882
0.254059
0.277985
0.301137
0.322972
0.342944
0.360527
0.37524
0.386668
0.394479
0.398444
0.398444
0.394479
0.386668
0.37524
0.360527
0.342944
0.322972
0.301137
0.277985
0.254059
0.229882
0.205936
0.182649
0.160383
0.139431
0.120009
0.102265
0.0862773
0.0720649
0.0595947
0.048792
0.03955
0.0317397
0.0252182
0.0198374
0.0154493
0.0119122
0.00909356
0.00687277
0.00514264
0.00380976
0.00279426
0.00202905
0.00145873
0.00103828
0.000731664
0.000510465
0.000352596
0.000241127
0.000163256
0.000109434
7.26259e-05
4.77186e-05
3.10414e-05
1.99918e-05
1.27473e-05
8.04718e-06
5.02951e-06
3.11218e-06
1.9066e-06
--- time: 0.8 ---
2.25862e-09
1.38876e-08
4.82451e-08
1.25653e-07
2.74985e-07
5.37549e-07
9.74305e-07
1.67725e-06
2.7861e-06
4.51199e-06
7.17057e-06
1.12281e-05
1.73647e-05
2.65607e-05
4.0212e-05
6.02841e-05
8.95115e-05
0.000131655
0.000191827
0.000276894
0.000395968
0.00514264
0.00687277
0.00909356
0.0119122
0.0154493
0.0198374
0.0252182
0.0317397
0.03955
0.048792
0.0595947
0.0720649
0.0862773
0.102265
0.120009
0.139431
0.160383
0.182649
0.205936
0.229882
0.254059
0.277985
0.301137
0.322972
0.342944
0.360527
0.37524
0.386668
0.394479
0.398444
0.398444
0.394479
0.386668
0.37524
0.360527
0.342944
0.322972
0.301137
0.277985
0.254059
0.229882
0.205936
0.182649
0.160383
0.139431
0.120009
0.102265
0.0862773
0.0720649
0.0595947
0.048792
0.03955
0.0317397
0.0252182
0.0198374
0.0154493
0.0119122
0.00909356
0.00687277
0.00514264
0.00380976
0.00279426
0.00202905
0.00145873
0.00103828
0.000731664
0.000510465
0.000352596
0.000241127
0.000163256
0.000109434
7.26259e-05
4.77186e-05
3.10414e-05
1.99918e-05
1.27473e-05
8.04718e-06
5.02951e-06
3.11218e-06
1.9066e-06
--- time: 0.9 ---
1.12931e-09
7.50846e-09
2.78768e-08
7.67651e-08
1.75875e-07
3.56712e-07
6.65509e-07
1.17138e-06
1.97874e-06
3.24536e-06
5.20797e-06
8.21804e-06
1.27914e-05
1.9676e-05
2.9944e-05
4.51141e-05
6.73128e-05
9.9484e-05
0.000145656
0.000211275
0.000303621
0.00514264
0.00687277
0.00909356
0.0119122
0.0154493
0.0198374
0.0252182
0.0317397
0.03955
0.048792
0.0595947
0.0720649
0.0862773
0.102265
0.120009
0.139431
0.160383
0.182649
0.205936
0.229882
0.254059
0.277985
0.301137
0.322972
0.342944
0.360527
0.37524
0.386668
0.394479
0.398444
0.398444
0.394479
0.386668
0.37524
0.360527
0.342944
0.322972
0.301137
0.277985
0.254059
0.229882
0.205936
0.182649
0.160383
0.139431
0.120009
0.102265
0.0862773
0.0720649
0.0595947
0.048792
0.03955
0.0317397
0.0252182
0.0198374
0.0154493
0.0119122
0.00909356
0.00687277
0.00514264
0.00380976
0.00279426
0.00202905
0.00145873
0.00103828
0.000731664
0.000510465
0.000352596
0.000241127
0.000163256
0.000109434
7.26259e-05
4.77186e-05
3.10414e-05
1.99918e-05
1.27473e-05
8.04718e-06
5.02951e-06
3.11218e-06
1.9066e-06
--- time: 1 ---
5.64654e-10
4.03656e-09
1.59567e-08
4.63609e-08
1.11118e-07
2.33915e-07
4.49712e-07
8.10545e-07
1.39464e-06
2.32e-06
3.76399e-06
5.99101e-06
9.3912e-06
1.45336e-05
2.22388e-05
3.36765e-05
5.04946e-05
7.49893e-05
0.000110322
0.000160799
0.00023221
0.00514264
0.00687277
0.00909356
0.0119122
0.0154493
0.0198374
0.0252182
0.0317397
0.03955
0.048792
0.0595947
0.0720649
0.0862773
0.102265
0.120009
0.139431
0.160383
0.182649
0.205936
0.229882
0.254059
0.277985
0.301137
0.322972
0.342944
0.360527
0.37524
0.386668
0.394479
0.398444
0.398444
0.394479
0.386668
0.37524
0.360527
0.342944
0.322972
0.301137
0.277985
0.254059
0.229882
0.205936
0.182649
0.160383
0.139431
0.120009
0.102265
0.0862773
0.0720649
0.0595947
0.048792
0.03955
0.0317397
0.0252182
0.0198374
0.0154493
0.0119122
0.00909356
0.00687277
0.00514264
0.00380976
0.00279426
0.00202905
0.00145873
0.00103828
0.000731664
0.000510465
0.000352596
0.000241127
0.000163256
0.000109434
7.26259e-05
4.77186e-05
3.10414e-05
1.99918e-05
1.27473e-05
8.04718e-06
5.02951e-06
3.11218e-06
1.9066e-06
--- time: 1.1 ---
2.82327e-10
2.15944e-09
9.05806e-09
2.77095e-08
6.94137e-08
1.51664e-07
3.00688e-07
5.55617e-07
9.7513e-07
1.64757e-06
2.70578e-06
4.34839e-06
6.8698e-06
1.07017e-05
1.64703e-05
2.50734e-05
3.7784e-05
5.63866e-05
8.33546e-05
0.000122077
0.000177143
0.00514264
0.00687277
0.00909356
0.0119122
0.0154493
0.0198374
0.0252182
0.0317397
0.03955
0.048792
0.0595947
0.0720649
0.0862773
0.102265
0.120009
0.139431
0.160383
0.182649
0.205936
0.229882
0.254059
0.277985
0.301137
0.322972
0.342944
0.360527
0.37524
0.386668
0.394479
0.398444
0.398444
0.394479
0.386668
0.37524
0.360527
0.342944
0.322972
0.301137
0.277985
0.254059
0.229882
0.205936
0.182649
0.160383
0.139431
0.120009
0.102265
0.0862773
0.0720649
0.0595947
0.048792
0.03955
0.0317397
0.0252182
0.0198374
0.0154493
0.0119122
0.00909356
0.00687277
0.00514264
0.00380976
0.00279426
0.00202905
0.00145873
0.00103828
0.000731664
0.000510465
0.000352596
0.000241127
0.000163256
0.000109434
7.26259e-05
4.77186e-05
3.10414e-05
1.99918e-05
1.27473e-05
8.04718e-06
5.02951e-06
3.11218e-06
1.9066e-06
--- time: 1.2 ---
1.41164e-10
1.1503e-09
5.10418e-09
1.64068e-08
4.29102e-08
9.72873e-08
1.98988e-07
3.77302e-07
6.76216e-07
1.16189e-06
1.93383e-06
3.14111e-06
5.00546e-06
7.85359e-06
1.21619e-05
1.86176e-05
2.82008e-05
4.22937e-05
6.28241e-05
9.24504e-05
0.000134797
0.00514264
0.00687277
0.00909356
0.0119122
0.0154493
0.0198374
0.0252182
0.0317397
0.03955
0.048792
0.0595947
0.0720649
0.0862773
0.102265
0.120009
0.139431
0.160383
0.182649
0.205936
0.229882
0.254059
0.277985
0.301137
0.322972
0.342944
0.360527
0.37524
0.386668
0.394479
0.398444
0.398444
0.394479
0.386668
0.37524
0.360527
0.342944
0.322972
0.301137
0.277985
0.254059
0.229882
0.205936
0.182649
0.160383
0.139431
0.120009
0.102265
0.0862773
0.0720649
0.0595947
0.048792
0.03955
0.0317397
0.0252182
0.0198374
0.0154493
0.0119122
0.00909356
0.00687277
0.00514264
0.00380976
0.00279426
0.00202905
0.00145873
0.00103828
0.000731664
0.000510465
0.000352596
0.000241127
0.000163256
0.000109434
7.26259e-05
4.77186e-05
3.10414e-05
1.99918e-05
1.27473e-05
8.04718e-06
5.02951e-06
3.11218e-06
1.9066e-06
--- time: 1.3 ---
7.05818e-11
6.10442e-10
2.85731e-09
9.63207e-09
2.62712e-08
6.17792e-08
1.30383e-07
2.53843e-07
4.65029e-07
8.1346e-07
1.37365e-06
2.25738e-06
3.63142e-06
5.7425e-06
8.95222e-06
1.37849e-05
2.09929e-05
3.16433e-05
4.72337e-05
6.98421e-05
0.000102319
0.00514264
0.00687277
0.00909356
0.0119122
0.0154493
0.0198374
0.0252182
0.0317397
0.03955
0.048792
0.0595947
0.0720649
0.0862773
0.102265
0.120009
0.139431
0.160383
0.182649
0.205936
0.229882
0.254059
0.277985
0.301137
0.322972
0.342944
0.360527
0.37524
0.386668
0.394479
0.398444
0.398444
0.394479
0.386668
0.37524
0.360527
0.342944
0.322972
0.301137
0.277985
0.254059
0.229882
0.205936
0.182649
0.160383
0.139431
0.120009
0.102265
0.0862773
0.0720649
0.0595947
0.048792
0.03955
0.0317397
0.0252182
0.0198374
0.0154493
0.0119122
0.00909356
0.00687277
0.00514264
0.00380976
0.00279426
0.00202905
0.00145873
0.00103828
0.000731664
0.000510465
0.000352596
0.000241127
0.000163256
0.000109434
7.26259e-05
4.77186e-05
3.10414e-05
1.99918e-05
1.27473e-05
8.04718e-06
5.02951e-06
3.11218e-06
1.9066e-06
--- time: 1.4 ---
3.52909e-11
3.22867e-10
1.59009e-09
5.61108e-09
1.59411e-08
3.88602e-08
8.46218e-08
1.69232e-07
3.17131e-07
5.65295e-07
9.69471e-07
1.61343e-06
2.62242e-06
4.18246e-06
6.56734e-06
1.01761e-05
1.55845e-05
2.36139e-05
3.54238e-05
5.26329e-05
7.74762e-05
0.00514264
0.00687277
0.00909356
0.0119122
0.0154493
0.0198374
0.0252182
0.0317397
0.03955
0.048792
0.0595947
0.0720649
0.0862773
0.102265
0.120009
0.139431
0.160383
0.182649
0.205936
0.229882
0.254059
0.277985
0.301137
0.322972
0.342944
0.360527
0.37524
0.386668
0.394479
0.398444
0.398444
0.394479
0.386668
0.37524
0.360527
0.342944
0.322972
0.301137
0.277985
0.254059
0.229882
0.205936
0.182649
0.160383
0.139431
0.120009
0.102265
0.0862773
0.0720649
0.0595947
0.048792
0.03955
0.0317397
0.0252182
0.0198374
0.0154493
0.0119122
0.00909356
0.00687277
0.00514264
0.00380976
0.00279426
0.00202905
0.00145873
0.00103828
0.000731664
0.000510465
0.000352596
0.000241127
0.000163256
0.000109434
7.26259e-05
4.77186e-05
3.10414e-05
1.99918e-05
1.27473e-05
8.04718e-06
5.02951e-06
3.11218e-06
1.9066e-06
--- time: 1.5 ---
1.76454e-11
1.70256e-10
8.80173e-10
3.24563e-09
9.59337e-09
2.42268e-08
5.44243e-08
1.11828e-07
2.1448e-07
3.89888e-07
6.79679e-07
1.14655e-06
1.88449e-06
3.03347e-06
4.80041e-06
7.48827e-06
1.15364e-05
1.75751e-05
2.64995e-05
3.95662e-05
5.85212e-05
0.00514264
0.00687277
0.00909356
0.0119122
0.0154493
0.0198374
0.0252182
0.0317397
0.03955
0.048792
0.0595947
0.0720649
0.0862773
0.102265
0.120009
0.139431
0.160383
0.182649
0.205936
0.229882
0.254059
0.277985
0.301137
0.322972
0.342944
0.360527
0.37524
0.386668
0.394479
0.398444
0.398444
0.394479
0.386668
0.37524
0.360527
0.342944
0.322972
0.301137
0.277985
0.254059
0.229882
0.205936
0.182649
0.160383
0.139431
0.120009
0.102265
0.0862773
0.0720649
0.0595947
0.048792
0.03955
0.0317397
0.0252182
0.0198374
0.0154493
0.0119122
0.00909356
0.00687277
0.00514264
0.00380976
0.00279426
0.00202905
0.00145873
0.00103828
0.000731664
0.000510465
0.000352596
0.000241127
0.000163256
0.000109434
7.26259e-05
4.77186e-05
3.10414e-05
1.99918e-05
1.27473e-05
8.04718e-06
5.02951e-06
3.11218e-06
1.9066e-06
--- time: 1.6 ---
8.82272e-12
8.95394e-11
4.84856e-10
1.86524e-09
5.72931e-09
1.4978e-08
3.47012e-08
7.32647e-08
1.43872e-07
2.6688e-07
4.7328e-07
8.09916e-07
1.3472e-06
2.19034e-06
3.49537e-06
5.49182e-06
8.5141e-06
1.30446e-05
1.97721e-05
2.96691e-05
4.40952e-05
0.00514264
0.00687277
0.00909356
0.0119122
0.0154493
0.0198374
0.0252182
0.0317397
0.03955
0.048792
0.0595947
0.0720649
0.0862773
0.102265
0.120009
0.139431
0.160383
0.182649
0.205936
0.229882
0.254059
0.277985
0.301137
0.322972
0.342944
0.360527
0.37524
0.386668
0.394479
0.398444
0.398444
0.394479
0.386668
0.37524
0.360527
0.342944
0.322972
0.301137
0.277985
0.254059
0.229882
0.205936
0.182649
0.160383
0.139431
0.120009
0.102265
0.0862773
0.0720649
0.0595947
0.048792
0.03955
0.0317397
0.0252182
0.0198374
0.0154493
0.0119122
0.00909356
0.00687277
0.00514264
0.00380976
0.00279426
0.00202905
0.00145873
0.00103828
0.000731664
0.000510465
0.000352596
0.000241127
0.000163256
0.000109434
7.26259e-05
4.77186e-05
3.10414e-05
1.99918e-05
1.27473e-05
8.04718e-06
5.02951e-06
3.11218e-06
1.9066e-06
--- time: 1.7 ---
4.41136e-12
4.69754e-11
2.65916e-10
1.06558e-09
3.39744e-09
9.18774e-09
2.19445e-08
4.76046e-08
9.57384e-08
1.81309e-07
3.27294e-07
5.68605e-07
9.57903e-07
1.57412e-06
2.53475e-06
4.01328e-06
6.26369e-06
9.65416e-06
1.47131e-05
2.21911e-05
3.31431e-05
0.00514264
0.00687277
0.00909356
0.0119122
0.0154493
0.0198374
0.0252182
0.0317397
0.03955
0.048792
0.0595947
0.0720649
0.0862773
0.102265
0.120009
0.139431
0.160383
0.182649
0.205936
0.229882
0.254059
0.277985
0.301137
0.322972
0.342944
0.360527
0.37524
0.386668
0.394479
0.398444
0.398444
0.394479
0.386668
0.37524
0.360527
0.342944
0.322972
0.301137
0.277985
0.254059
0.229882
0.205936
0.182649
0.160383
0.139431
0.120009
0.102265
0.0862773
0.0720649
0.0595947
0.048792
0.03955
0.0317397
0.0252182
0.0198374
0.0154493
0.0119122
0.00909356
0.00687277
0.00514264
0.00380976
0.00279426
0.00202905
0.00145873
0.00103828
0.000731664
0.000510465
0.000352596
0.000241127
0.000163256
0.000109434
7.26259e-05
4.77186e-05
3.10414e-05
1.99918e-05
1.27473e-05
8.04718e-06
5.02951e-06
3.11218e-06
1.9066e-06
--- time: 1.8 ---
2.20568e-12
2.45905e-11
1.45253e-10
6.05416e-10
2.00143e-09
5.59458e-09
1.37695e-08
3.06871e-08
6.32127e-08
1.22261e-07
2.24778e-07
3.96691e-07
6.77297e-07
1.12571e-06
1.83023e-06
2.92176e-06
4.59273e-06
7.12344e-06
1.09183e-05
1.65547e-05
2.48489e-05
0.00514264
0.00687277
0.00909356
0.0119122
0.0154493
0.0198374
0.0252182
0.0317397
0.03955
0.048792
0.0595947
0.0720649
0.0862773
0.102265
0.120009
0.139431
0.160383
0.182649
0.205936
0.229882
0.254059
0.277985
0.301137
0.322972
0.342944
0.360527
0.37524
0.386668
0.394479
0.398444
0.398444
0.394479
0.386668
0.37524
0.360527
0.342944
0.322972
0.301137
0.277985
0.254059
0.229882
0.205936
0.182649
0.160383
0.139431
0.120009
0.102265
0.0862773
0.0720649
0.0595947
0.048792
0.03955
0.0317397
0.0252182
0.0198374
0.0154493
0.0119122
0.00909356
0.00687277
0.00514264
0.00380976
0.00279426
0.00202905
0.00145873
0.00103828
0.000731664
0.000510465
0.000352596
0.000241127
0.000163256
0.000109434
7.26259e-05
4.77186e-05
3.10414e-05
1.99918e-05
1.27473e-05
8.04718e-06
5.02951e-06
3.11218e-06
1.9066e-06
--- time: 1.9 ---
1.10284e-12
1.28467e-11
7.90499e-11
3.42233e-10
1.17183e-09
3.38321e-09
8.57636e-09
1.96317e-08
4.14222e-08
8.18416e-08
1.5331e-07
2.75001e-07
4.76149e-07
8.00929e-07
1.31558e-06
2.11867e-06
3.3557e-06
5.23957e-06
8.07892e-06
1.23168e-05
1.85829e-05
0.00514264
0.00687277
0.00909356
0.0119122
0.0154493
0.0198374
0.0252182
0.0317397
0.03955
0.048792
0.0595947
0.0720649
0.0862773
0.102265
0.120009
0.139431
0.160383
0.182649
0.205936
0.229882
0.254059
0.277985
0.301137
0.322972
0.342944
0.360527
0.37524
0.386668
0.394479
0.398444
0.398444
0.394479
0.386668
0.37524
0.360527
0.342944
0.322972
0.301137
0.277985
0.254059
0.229882
0.205936
0.182649
0.160383
0.139431
0.120009
0.102265
0.0862773
0.0720649
0.0595947
0.048792
0.03955
0.0317397
0.0252182
0.0198374
0.0154493
0.0119122
0.00909356
0.00687277
0.00514264
0.00380976
0.00279426
0.00202905
0.00145873
0.00103828
0.000731664
0.000510465
0.000352596
0.000241127
0.000163256
0.000109434
7.26259e-05
4.77186e-05
3.10414e-05
1.99918e-05
1.27473e-05
8.04718e-06
5.02951e-06
3.11218e-06
1.9066e-06
--- laxwendroff ---
 5.5142e-13
 6.97476e-12
 4.59483e-11
 2.10641e-10
 7.57032e-10
 2.27752e-09
 5.97979e-09
 1.4104e-08
 3.0527e-08
 6.16319e-08
 1.17576e-07
 2.14155e-07
 3.75575e-07
 6.38539e-07
 1.05825e-06
 1.71712e-06
 2.73718e-06
 4.29763e-06
 6.65925e-06
 1.01979e-05
 1.54498e-05
 0.00514264
 0.00687277
 0.00909356
 0.0119122
 0.0154493
 0.0198374
 0.0252182
 0.0317397
 0.03955
 0.048792
 0.0595947
 0.0720649
 0.0862773
 0.102265
 0.120009
 0.139431
 0.160383
 0.182649
 0.205936
 0.229882
 0.254059
 0.277985
 0.301137
 0.322972
 0.342944
 0.360527
 0.37524
 0.386668
 0.394479
 0.398444
 0.398444
 0.394479
 0.386668
 0.37524
 0.360527
 0.342944
 0.322972
 0.301137
 0.277985
 0.254059
 0.229882
 0.205936
 0.182649
 0.160383
 0.139431
 0.120009
 0.102265
 0.0862773
 0.0720649
 0.0595947
 0.048792
 0.03955
 0.0317397
 0.0252182
 0.0198374
 0.0154493
 0.0119122
 0.00909356
 0.00687277
 0.00514264
 0.00380976
 0.00279426
 0.00202905
 0.00145873
 0.00103828
 0.000731664
 0.000510465
 0.000352596
 0.000241127
 0.000163256
 0.000109434
 7.26259e-05
 4.77186e-05
 3.10414e-05
 1.99918e-05
 1.27473e-05
 8.04718e-06
 5.02951e-06
 3.11218e-06
 1.9066e-06
 1.85672e-09
 1.32182e-09
 -2.00685e-09
 -3.22458e-09
 4.04149e-10
 6.37127e-09
 8.0834e-09
 -4.23833e-10
 -1.95969e-08
 -4.14325e-08
 -5.25673e-08
 -1.23221e-08
 -3.09334e-09
 6.06978e-07
 -8.57125e-07
 6.7095e-06
 -1.65685e-05
 6.33653e-05
 -0.000178523
 0.000571675
 -0.00168539
 0.00514264
 0.00687277
 0.00909356
 0.0119122
 0.0154493
 0.0198374
 0.0252182
 0.0317397
 0.03955
 0.048792
 0.0595947
 0.0720649
 0.0862773
 0.102265
 0.120009
 0.139431
 0.160383
 0.182649
 0.205936
 0.229882
 0.254059
 0.277985
 0.301137
 0.322972
 0.342944
 0.360527
 0.37524
 0.386668
 0.394479
 0.398444
 0.398444
 0.394479
 0.386668
 0.37524
 0.360527
 0.342944
 0.322972
 0.301137
 0.277985
 0.254059
 0.229882
 0.205936
 0.182649
 0.160383
 0.139431
 0.120009
 0.102265
 0.0862773
 0.0720649
 0.0595947
 0.048792
 0.03955
 0.0317397
 0.0252182
 0.0198374
 0.0154493
 0.0119122
 0.00909356
 0.00687277
 0.00514264
 0.00380976
 0.00279426
 0.00202905
 0.00145873
 0.00103828
 0.000731664
 0.000510465
 0.000352596
 0.000241127
 0.000163256
 0.000109434
 7.26259e-05
 4.77186e-05
 3.10414e-05
 1.99918e-05
 1.27473e-05
 8.04718e-06
 5.02951e-06
 3.11218e-06
 1.9066e-06
 6.07588e-09
 1.10158e-08
 1.97732e-08
 3.51396e-08
 6.18262e-08
 1.07698e-07
 1.85736e-07
 3.17135e-07
 5.36104e-07
 8.97244e-07
 1.48672e-06
 2.43896e-06
 3.9613e-06
 6.36983e-06
 1.01409e-05
 1.59837e-05
 2.49425e-05
 3.85352e-05
 5.89431e-05
 8.92617e-05
 0.00013383
 0.000198655
 0.000291947
 0.00042478
 0.000611902
 0.000872683
 0.00123222
 0.00172257
 0.00238409
 0.00326682
 0.00443185
 0.00595253
 0.00791545
 0.0104209
 0.013583
 0.0175283
 0.0223945
 0.028327
 0.0354746
 0.0439836
 0.053991
 0.0656158
 0.0789502
 0.0940491
 0.110921
 0.129518
 0.149727
 0.171369
 0.194186
 0.217852
 0.241971
 0.266085
 0.289692
 0.312254
 0.333225
 0.352065
 0.36827
 0.381388
 0.391043
 0.396953
 0.398942
 0.396953
 0.391043
 0.381388
 0.36827
 0.352065
 0.333225
 0.312254
 0.289692
 0.266085
 0.241971
 0.217852
 0.194186
 0.171369
 0.149727
 0.129518
 0.110921
 0.0940491
 0.0789502
 0.0656158
 0.053991
 0.0439836
 0.0354746
 0.028327
 0.0223945
 0.0175283
 0.013583
 0.0104209
 0.00791545
 0.00595253
 0.00443185
 0.00326682
 0.00238409
 0.00172257
 0.00123222
 0.000872683
 0.000611902
 0.00042478
 0.000291947
 0.000198655
 0.00013383
reference time: 21 ms
