2.23966e-19
-1.36308e-19
-3.85551e-19
-5.7591e-20
3.90828e-19
2.46731e-19
-3.04439e-19
-3.26966e-19
3.1574e-19
3.81105e-19
-7.96795e-19
-1.28686e-18
1.38688e-18
5.01024e-18
2.0841e-18
-1.04213e-17
-1.93499e-17
-1.4322e-18
4.53117e-17
7.25584e-17
5.5245e-18
-1.63799e-16
-2.85977e-16
-1.03103e-16
4.90346e-16
1.12037e-15
9.10046e-16
-9.04076e-16
-3.84283e-15
-5.39071e-15
-1.79525e-15
8.85914e-15
2.23906e-14
2.63643e-14
4.28127e-15
-5.1766e-14
-1.23589e-13
-1.55632e-13
-6.57013e-14
2.10071e-13
6.41206e-13
1.02433e-12
9.57149e-13
-6.73053e-14
-2.39631e-12
-5.79164e-12
-8.94892e-12
-9.18503e-12
-2.6159e-12
1.48192e-11
4.52058e-11
8.53134e-11
1.22374e-10
1.29805e-10
6.43162e-11
-1.33405e-10
-5.31422e-10
-1.18857e-09
-2.12015e-09
-3.23924e-09
-4.26197e-09
-4.55876e-09
-2.92455e-09
2.77366e-09
1.61341e-08
4.3035e-08
9.2861e-08
1.80334e-07
3.28216e-07
5.7126e-07
9.61902e-07
1.57838e-06
2.53612e-06
4.0036e-06
6.22394e-06
9.54422e-06
1.44544e-05
2.16385e-05
3.2041e-05
4.69518e-05
6.81124e-05
9.78497e-05
0.000139235
0.000196287
0.000274174
0.00037957
0.000520694
0.000708415
0.000954456
0.00127777
0.00168875
0.00223259
0.00287788
0.00380181
0.00467892
0.0064224
0.00700896
0.0112867
0.00790709
0.0256649
