5.86407e-37
3.08688e-35
8.20284e-34
1.46709e-32
1.98672e-31
2.17277e-30
1.99895e-29
1.59118e-28
1.11867e-27
7.05637e-27
4.04325e-26
2.1257e-25
1.03392e-24
4.68483e-24
1.98925e-23
7.95581e-23
3.01023e-22
1.08174e-21
3.70472e-21
1.2129e-20
3.80654e-20
1.14803e-19
3.33481e-19
9.34932e-19
2.53453e-18
6.65546e-18
1.69556e-17
4.1971e-17
1.01084e-16
2.37177e-16
5.428e-16
1.21303e-15
2.64991e-15
5.66432e-15
1.18586e-14
2.43373e-14
4.90043e-14
9.68873e-14
1.88236e-13
3.5963e-13
6.76131e-13
1.25174e-12
2.2834e-12
4.10672e-12
7.28632e-12
1.27603e-11
2.20689e-11
3.77129e-11
6.37084e-11
1.06439e-10
1.75952e-10
2.8791e-10
4.66507e-10
7.48793e-10
1.19102e-09
1.87792e-09
2.93609e-09
4.55325e-09
7.0057e-09
1.06972e-08
1.62136e-08
2.4399e-08
3.64617e-08
5.41192e-08
7.97977e-08
1.16901e-07
1.70177e-07
2.46202e-07
3.54029e-07
5.06049e-07
7.19105e-07
1.01596e-06
1.42719e-06
1.99361e-06
2.76936e-06
3.82583e-06
5.25661e-06
7.18359e-06
9.76461e-06
1.32028e-05
1.77579e-05
2.37603e-05
3.16274e-05
4.18833e-05
5.51824e-05
7.23365e-05
9.43464e-05
0.000122439
0.000158107
0.000203159
0.000259769
0.000330534
0.000418539
0.000527425
0.000661458
0.000825604
0.00102561
0.00126808
0.00156055
0.00210282
